4, 1677, 177, 1674, 174, 1675, 162, 1678, 156, 1679, 146, 1680, 140, 1682, 136, 1682, 128, 1687, 121, 1693, 117, 1699, 110, 1703, 104, 1709, 95, 1716, 91, 1723, 85, 1727, 78
5, 1026, 83, 1036, 78, 1050, 76, 1061, 70, 1072, 68, 1083, 65
6, 1843, 217, 1845, 209
8, 1168, 56, 1160, 59, 1150, 64, 1135, 70, 1119, 75, 1099, 80, 1088, 84, 1038, 97, 1016, 100, 997, 107, 980, 114, 961, 119, 944, 128, 924, 134, 906, 142, 881, 147, 854, 153, 824, 157, 796, 154, 763, 160, 730, 168, 699, 178, 662, 185, 626, 200, 590, 208, 562, 215, 389, 259, 346, 265, 303, 281, 260, 293, 211, 305, 162, 317, 116, 330, 67, 342, 28, 350, 9, 359
9, 1664, 571, 1674, 594, 1684, 626, 1700, 656, 1705, 672, 1700, 674, 1685, 673, 1675, 669, 1676, 666
10, 924, 146, 942, 146, 968, 142, 988, 140, 1004, 138, 1034, 128, 1053, 125
11, 781, 260, 798, 248, 827, 240, 859, 228, 892, 219, 923, 209, 973, 202, 990, 195, 1013, 186, 1034, 178, 1055, 170, 1078, 164, 1100, 155, 1120, 148, 1140, 140, 1158, 135, 1175, 127, 1191, 121, 1207, 116, 1223, 110, 1240, 106, 1253, 100, 1268, 95, 1285, 88, 1301, 79, 1317, 75, 1333, 68, 1348, 90, 1365, 88
12, 1490, 123, 1490, 120, 1540, 89, 1559, 85, 1571, 81, 1582, 75
13, 879, 253, 906, 245, 934, 237, 964, 224, 993, 213, 1019, 205, 1045, 194, 1070, 186, 1096, 179, 1120, 172, 1145, 164, 1167, 157, 1184, 151, 1202, 143, 1218, 135, 1235, 129, 1251, 123, 1270, 118, 1284, 111, 1300, 105, 1314, 100, 1332, 95, 1346, 89, 1363, 83, 1381, 76, 1405, 64, 1417, 59, 1430, 56, 1446, 50, 1457, 46, 1472, 41
16, 58, 288, 53, 293, 52, 295
19, 1838, 341, 1834, 353, 1834, 358
23, 453, 238, 459, 237, 517, 221, 548, 211, 572, 205, 604, 192, 632, 183, 656, 178, 687, 172, 713, 163, 737, 156, 760, 153, 785, 145, 804, 137, 830, 131, 876, 121, 899, 114, 920, 107, 939, 102, 966, 100, 984, 92, 999, 85, 1016, 82, 1037, 75
25, 846, 673, 856, 673, 905, 644, 926, 635, 1071, 513, 1099, 494, 1128, 474, 1157, 455
31, 1812, 416, 1805, 424, 1781, 442, 1760, 467, 1746, 487, 1727, 507, 1714, 534, 1702, 563, 1696, 596, 1696, 648, 1696, 678, 1691, 680, 1688, 675, 1673, 670, 1663, 667
34, 52, 276, 52, 277, 52, 277, 52, 277, 52, 278, 52, 279, 57, 282, 54, 281, 58, 282, 54, 282, 54, 281, 54, 282, 52, 294, 57, 292, 58, 288, 60, 286, 55, 282, 53, 279, 52, 280, 51, 279, 51, 277, 52, 278, 52, 277, 52, 279, 53, 280, 51, 280, 51, 279, 51, 279, 52, 276, 52, 276, 52, 278, 52, 278, 51, 300, 52, 296, 54, 292, 59, 289, 60, 287, 63, 285, 56, 283, 54, 280, 53, 279, 52, 277, 52, 278, 52, 279, 52, 277, 51, 277, 52, 276, 51, 276, 51, 278, 58, 281, 55, 280, 60, 284, 54, 281, 52, 279, 51, 280, 52, 289, 51, 294, 51, 295, 55, 290, 53, 284, 53, 288, 56, 288, 55, 289, 56, 289, 53, 278, 51, 276, 51, 276, 52, 276, 51, 277, 51, 278, 51, 278, 51, 277, 51, 277, 58, 284, 60, 284, 56, 280, 53, 280, 52, 280, 54, 288, 53, 294, 53, 295, 57, 287, 54, 286, 53, 289, 56, 288, 57, 287, 56, 288, 58, 287, 60, 286, 55, 282, 53, 280, 53, 279, 55, 284, 55, 284, 52, 296, 54, 291, 53, 291, 50, 292, 50, 291, 53, 289, 56, 287, 58, 286, 54, 292, 53, 290, 53, 291, 52, 281, 58, 285, 56, 290, 54, 294, 54, 295, 52, 280, 52, 280, 51, 295, 53, 293, 55, 289, 53, 283, 51, 281, 51, 279, 57, 283, 60, 284, 58, 288, 55, 294, 55, 295, 51, 282, 51, 282, 55, 287, 58, 286, 58, 286, 59, 286, 59, 286, 60, 285, 61, 285, 62, 285, 56, 279, 55, 279, 51, 280, 51, 280, 50, 279, 58, 284, 55, 291, 53, 292, 53, 293, 52, 281, 52, 280, 52, 279
38, 1648, 56, 1650, 56
39, 57, 490, 63, 490
40, 160, 452, 205, 433, 258, 415, 302, 404, 337, 385, 373, 372, 403, 363, 431, 347, 459, 331, 484, 316, 507, 303, 526, 291, 537, 279, 550, 270, 566, 263, 580, 247, 604, 234, 631, 209, 659, 205, 690, 186, 714, 178, 739, 172, 766, 162, 795, 164, 824, 163, 849, 162, 875, 155, 898, 149, 924, 141
41, 1532, 49, 1517, 51, 1493, 54, 1472, 58, 1458, 61, 1443, 67, 1433, 71, 1426, 78, 1418, 83, 1412, 88, 1403, 89, 1391, 94, 1384, 81, 1373, 84
42, 147, 273, 147, 273, 147, 274, 146, 272, 148, 270, 147, 271, 148, 271
43, 49, 386, 78, 371, 125, 358, 174, 346, 223, 340, 270, 327, 312, 314, 356, 301, 396, 290, 439, 281, 476, 268, 511, 261, 547, 251, 582, 242, 613, 229, 641, 203, 666, 186, 691, 178, 718, 173, 741, 165, 772, 154
44, 1516, 674, 1536, 669, 1562, 667, 1585, 643, 1616, 612, 1645, 587, 1673, 563, 1705, 545, 1728, 521, 1751, 500, 1769, 489, 1783, 470, 1803, 455, 1814, 443, 1823, 431, 1841, 416
46, 1176, 44, 1173, 49, 1168, 55, 1164, 57, 1155, 62, 1146, 65, 1136, 70, 1130, 73
50, 191, 453, 228, 427, 272, 404, 310, 386, 344, 376, 377, 360, 403, 341, 426, 329, 442, 314, 458, 300, 477, 293, 501, 278, 530, 265, 561, 253, 592, 243, 625, 236, 661, 203, 690, 187, 869, 166, 896, 157, 925, 154, 954, 149, 983, 143, 1011, 136, 1043, 130, 1071, 125, 1098, 121, 1122, 114, 1143, 107, 1169, 100, 1191, 94, 1211, 92, 1233, 88, 1257, 83, 1282, 77, 1309, 73, 1335, 69, 1361, 63
52, 1831, 220, 1824, 229, 1811, 267, 1797, 277, 1788, 292, 1771, 317, 1753, 339, 1741, 357, 1711, 386, 1700, 385, 1690, 374, 1678, 387, 1604, 486, 1589, 504, 1572, 519, 1557, 537, 1546, 562, 1528, 586, 1512, 605, 1500, 651, 1486, 671, 1508, 674, 1524, 675, 1547, 670, 1545, 667
53, 1280, 677, 1292, 680
55, 1319, 112, 1304, 116, 1291, 122, 1272, 126, 1254, 131, 1234, 134, 1212, 141, 1190, 147, 1168, 154, 1145, 161, 1125, 164, 1107, 171, 1087, 172, 1068, 181, 1048, 188, 1024, 195, 1001, 200, 981, 208, 963, 212, 945, 220, 930, 218, 911, 223, 867, 252, 844, 266, 819, 271, 790, 282, 754, 287, 717, 294, 673, 288, 626, 296, 580, 316, 535, 329, 486, 345, 440, 355, 395, 367, 346, 382, 298, 389, 247, 401, 197, 418, 139, 426, 83, 439, 44, 451
59, 1392, 52, 1407, 47, 1414, 44
60, 1069, 61, 1083, 57, 1090, 56
62, 58, 654, 89, 627, 155, 608, 222, 587, 280, 559, 334, 532, 385, 512, 431, 496, 477, 475, 514, 453, 550, 434, 586, 421, 625, 402, 668, 390, 713, 373, 758, 362, 801, 352, 837, 336, 869, 324, 904, 312, 928, 303, 956, 295, 979, 281, 1001, 271, 1021, 261, 1042, 250, 1063, 240, 1088, 233, 1110, 224, 1130, 216, 1148, 205, 1167, 199, 1185, 189, 1205, 184, 1222, 177, 1239, 168, 1254, 162, 1269, 153, 1283, 149, 1301, 141, 1313, 135, 1330, 130, 1344, 126, 1358, 120, 1373, 114, 1381, 108, 1389, 104, 1397, 100, 1404, 95, 1415, 88, 1425, 84, 1436, 78, 1446, 73, 1454, 64, 1465, 60, 1472, 57, 1479, 53, 1484, 50, 1493, 46
64, 1402, 547, 1425, 517, 1456, 497, 1480, 470, 1509, 446, 1528, 417, 1557, 391, 1576, 382, 1599, 362, 1621, 341, 1696, 303, 1726, 291, 1754, 275, 1786, 262, 1806, 248, 1824, 240, 1850, 223
66, 1601, 671, 1628, 664, 1656, 639, 1680, 606, 1701, 575, 1719, 548, 1739, 526, 1758, 503, 1774, 482, 1791, 470, 1807, 445, 1822, 429, 1840, 409
67, 159, 641, 158, 635
69, 1113, 74, 1104, 77, 1089, 82, 1072, 88, 1055, 91, 1036, 94, 1017, 100, 996, 106, 977, 109, 963, 113, 794, 140, 770, 148, 749, 155, 725, 159, 702, 164, 676, 169, 652, 176, 631, 184, 611, 186, 589, 191, 503, 219, 477, 226, 454, 231, 433, 243, 412, 251, 388, 258, 363, 267, 341, 276, 308, 288, 273, 297, 235, 306, 197, 319, 162, 328, 119, 346, 78, 355, 41, 362, 24, 370, 9, 379
78, 1483, 673, 1525, 674, 1567, 661, 1607, 630, 1646, 593, 1678, 564, 1711, 537, 1745, 512, 1762, 491, 1775, 472, 1786, 446, 1789, 426, 1791, 401, 1784, 377, 1781, 359, 1780, 341, 1780, 326, 1786, 307, 1790, 294, 1795, 281, 1802, 268, 1812, 255, 1814, 245, 1815, 231, 1811, 221, 1805, 209, 1796, 194, 1799, 179
81, 484, 528, 524, 507, 578, 485, 623, 466, 669, 448, 711, 432, 755, 412, 797, 398, 832, 385, 868, 367, 902, 355, 932, 341, 963, 330, 993, 318, 1018, 304, 1042, 294, 1066, 284, 1091, 274, 1112, 264, 1132, 254, 1151, 242, 1169, 235, 1190, 227, 1211, 216, 1232, 209, 1252, 199, 1271, 192, 1288, 185, 1304, 178, 1319, 173, 1337, 165, 1354, 160, 1368, 152, 1382, 144, 1395, 136, 1404, 131, 1415, 126, 1424, 121, 1434, 115, 1447, 108, 1457, 103, 1467, 99, 1475, 96, 1484, 90, 1490, 84, 1497, 77, 1506, 71, 1517, 68, 1527, 64, 1539, 59, 1546, 56, 1554, 53, 1564, 48
84, 779, 392, 818, 379, 851, 365, 891, 355, 922, 336, 958, 327, 989, 314, 1026, 302, 1059, 293, 1095, 285, 1126, 274, 1154, 268, 1182, 263, 1202, 251, 1224, 242, 1245, 232, 1264, 224, 1285, 216, 1306, 208, 1324, 200, 1341, 194, 1356, 185, 1370, 180, 1390, 174, 1406, 169, 1428, 164, 1446, 161, 1470, 153, 1491, 145, 1511, 156, 1530, 141, 1542, 133, 1560, 128, 1582, 125, 1602, 120, 1622, 117, 1649, 113, 1676, 106, 1698, 104, 1717, 100, 1738, 95
86, 52, 531, 58, 464, 96, 414, 144, 401, 187, 388, 224, 370, 265, 356, 300, 350, 329, 340, 367, 329, 399, 317, 413, 308, 447, 296, 466, 287, 493, 280, 516, 271, 538, 263, 566, 254, 585, 249, 605, 241, 631, 228, 645, 231, 663, 212, 695, 199, 717, 194, 742, 184, 791, 173, 820, 176, 845, 172, 869, 168, 891, 166, 912, 163, 936, 159, 960, 155, 976, 155, 993, 150, 1012, 144, 1023, 140, 1041, 134, 1046, 139, 1055, 137, 1064, 132, 1077, 130, 1098, 114, 1102, 115, 1107, 113, 1117, 107, 1124, 105, 1131, 102, 1140, 96, 1146, 88, 1154, 87, 1171, 84, 1188, 84, 1204, 77, 1220, 74, 1230, 71, 1244, 66, 1254, 63, 1266, 59, 1278, 56
87, 1343, 69, 1350, 74, 1359, 76, 1369, 81, 1376, 84, 1387, 87, 1400, 92, 1409, 94, 1422, 98, 1435, 100, 1449, 105, 1464, 108, 1480, 114, 1496, 119, 1513, 122, 1528, 125, 1544, 132, 1556, 135, 1569, 140, 1583, 137, 1595, 140, 1640, 171, 1653, 185, 1663, 187, 1671, 183, 1685, 193, 1694, 204, 1706, 210, 1710, 213, 1711, 219, 1714, 228, 1712, 235, 1710, 244, 1710, 251, 1710, 259, 1714, 266, 1719, 274, 1725, 281, 1749, 375, 1748, 358, 1748, 355, 1756, 359, 1757, 369, 1761, 384, 1764, 392, 1762, 402, 1766, 435, 1769, 446
88, 1652, 434, 1651, 439, 1649, 443
89, 1574, 157, 1575, 155, 1592, 132, 1596, 126, 1608, 104, 1629, 99, 1633, 93, 1636, 89, 1633, 86, 1639, 80, 1648, 76, 1657, 68, 1663, 62
90, 1144, 60, 1127, 66, 1109, 72, 1089, 77, 1069, 83, 1050, 89, 1019, 109, 1018, 113, 991, 108, 970, 107, 954, 115, 937, 120, 888, 130, 873, 138, 844, 141, 815, 140, 789, 144, 761, 155, 733, 162, 705, 175, 682, 181, 544, 209, 515, 221, 488, 228, 468, 242, 448, 251, 423, 264, 402, 272, 374, 286, 347, 298, 316, 311, 279, 332, 247, 345, 211, 360, 171, 371, 129, 390, 86, 403, 43, 419, 26, 431
92, 818, 188, 848, 184, 884, 184, 930, 181, 959, 181, 1023, 169, 1076, 168, 1126, 175, 1174, 166, 1221, 167, 1267, 178, 1308, 183, 1350, 190, 1388, 197, 1426, 200, 1469, 199, 1510, 196, 1549, 203, 1590, 205, 1669, 209, 1703, 216, 1737, 224, 1766, 227, 1802, 229, 1835, 245, 1873, 249
95, 31, 395, 34, 390
99, 37, 371, 39, 356, 54, 346, 86, 337, 112, 323, 152, 314, 193, 303, 222, 299, 259, 288, 295, 277, 325, 272, 361, 263, 392, 253, 422, 250, 457, 244, 488, 237, 516, 232, 554, 222, 581, 213, 608, 210, 638, 200, 660, 191, 680, 185, 701, 176, 722, 172, 744, 167, 771, 162, 798, 155, 822, 160, 849, 162, 874, 159, 898, 160, 921, 157, 941, 151, 958, 149, 972, 145, 983, 137, 993, 135, 1005, 130, 1017, 124, 1030, 123, 1041, 118, 1053, 113, 1062, 109, 1069, 105, 1078, 100, 1088, 96, 1097, 92, 1107, 83, 1119, 78, 1130, 76, 1144, 73, 1158, 71, 1171, 67, 1184, 63, 1192, 59, 1203, 55, 1215, 51
101, 120, 364, 149, 354, 181, 342, 212, 332, 241, 323, 270, 309, 284, 304, 329, 294, 360, 285, 394, 277, 424, 272, 450, 264, 482, 256, 512, 247, 546, 242, 576, 234
103, 208, 356, 251, 354, 275, 341, 310, 323, 343, 313, 372, 305, 399, 293, 421, 280, 448, 271, 470, 270, 495, 261, 519, 246, 543, 240, 568, 231, 616, 225, 641, 218
104, 890, 126, 868, 132, 845, 135, 824, 171, 806, 184
106, 444, 378, 488, 357, 533, 341, 578, 326, 620, 311, 652, 301, 693, 284, 732, 271, 763, 260, 800, 247, 824, 233, 855, 222, 886, 211, 915, 201, 939, 194, 962, 184, 982, 177, 1000, 167, 1020, 160, 1039, 154, 1061, 147, 1081, 137, 1098, 129, 1115, 121, 1131, 118, 1148, 109, 1163, 103, 1180, 96, 1198, 91, 1213, 84, 1228, 77, 1245, 71, 1260, 64, 1276, 59, 1288, 56, 1304, 50, 1315, 46, 1331, 41
109, 1062, 104, 1076, 96, 1095, 90, 1115, 85, 1132, 77, 1150, 73, 1163, 66, 1174, 60, 1188, 55
114, 1708, 118, 1688, 122, 1666, 127, 1637, 131, 1620, 135, 1589, 144, 1567, 151, 1551, 157, 1538, 166, 1524, 173, 1513, 181, 1497, 194, 1487, 205, 1475, 214, 1460, 226, 1448, 235, 1434, 249, 1419, 261, 1399, 270, 1378, 282, 1358, 296, 1334, 304, 1318, 358, 1296, 352, 1278, 357, 1268, 368, 1256, 382, 1244, 400, 1231, 421, 1215, 442, 1201, 476, 1189, 499, 1180, 520, 1175, 542, 1177, 577, 1172, 616, 1171, 644, 1165, 667, 1152, 676, 1141, 674
117, 448, 261, 454, 261
128, 148, 268, 148, 267, 148, 270, 148, 272, 152, 274, 153, 273, 156, 271, 157, 271, 147, 268, 146, 267
137, 751, 171, 777, 171, 793, 168, 821, 174, 848, 176, 870, 172, 899, 170, 925, 165, 946, 164, 1075, 127, 1093, 124
139, 958, 651, 1004, 605, 1060, 571, 1101, 548, 1147, 510, 1187, 490, 1227, 465, 1270, 424, 1303, 407, 1342, 395, 1384, 375, 1426, 361, 1470, 349, 1511, 341, 1547, 319, 1572, 316, 1587, 288, 1635, 280, 1664, 270, 1688, 257, 1708, 246, 1725, 239, 1743, 231, 1758, 221, 1771, 213, 1780, 213, 1789, 207, 1793, 205, 1792, 205, 1791, 205, 1790, 205, 1789, 206, 1788, 206, 1786, 207, 1786, 206, 1786, 207, 1784, 208, 1783, 207, 1782, 207, 1783, 207, 1782, 209, 1781, 213, 1783, 215, 1786, 214, 1783, 210, 1783, 200, 1782, 196, 1782, 198, 1782, 199, 1776, 203, 1774, 204, 1779, 200, 1783, 198, 1789, 202, 1790, 201
140, 1673, 139, 1671, 130, 1668, 123, 1667, 116, 1665, 106, 1663, 100, 1637, 95, 1621, 90, 1606, 83, 1589, 74, 1576, 67, 1566, 62, 1558, 58, 1552, 51, 1542, 45
142, 592, 210, 561, 217, 529, 229, 495, 238, 462, 248, 432, 261, 396, 274, 364, 293, 324, 303, 281, 323, 235, 333, 189, 346, 142, 361, 93, 372, 44, 391, 21, 404
147, 1082, 67, 1084, 70, 1085, 72
148, 1064, 63, 1051, 66, 1044, 69
158, 910, 111, 914, 120, 913, 126, 870, 137, 848, 144, 826, 152, 804, 155, 787, 160, 732, 168, 705, 175, 680, 183, 638, 198, 612, 205, 577, 216, 542, 230, 504, 242, 476, 251, 433, 265, 403, 274
160, 1710, 670, 1709, 670
165, 1601, 418, 1598, 419
169, 797, 147, 768, 152, 744, 157, 726, 161
170, 1142, 92, 1148, 92, 1152, 90, 1171, 76, 1181, 75, 1194, 71, 1204, 67
172, 1422, 448, 1422, 449
175, 702, 166, 696, 169
179, 1058, 70, 1049, 68, 1044, 68
182, 136, 501, 153, 488, 177, 476, 199, 460, 229, 451, 256, 436, 277, 423, 299, 410, 316, 400, 334, 388, 351, 377, 367, 364, 386, 352, 386, 343, 399, 332, 410, 325, 416, 323, 420, 324, 421, 324, 421, 322, 421, 322, 426, 324, 434, 319, 423, 326, 423, 325, 428, 323, 415, 323, 425, 326, 429, 327, 442, 322, 460, 316, 483, 310, 506, 303, 526, 297, 537, 295, 548, 284, 551, 277, 551, 272, 548, 267, 559, 261, 574, 257, 585, 249, 607, 243, 628, 218, 647, 200, 674, 190, 699, 180, 716, 171
183, 34, 389, 35, 394
185, 1709, 580, 1692, 548, 1673, 523, 1673, 501, 1679, 489, 1687, 473, 1701, 455, 1703, 437, 1726, 412, 1730, 397, 1740, 390, 1744, 381, 1745, 367, 1750, 353
187, 1007, 85, 997, 90, 982, 97, 972, 101, 959, 107, 940, 113, 925, 112, 908, 116, 890, 124, 874, 130, 856, 134, 835, 139, 813, 143, 797, 147, 744, 159, 720, 161, 697, 167, 675, 173, 653, 177, 630, 187, 602, 195, 575, 202, 550, 211, 518, 212, 492, 222, 466, 229, 437, 230, 404, 272, 380, 281
197, 262, 300, 247, 317, 195, 331, 173, 341
200, 77, 504, 71, 508
203, 1084, 59, 1073, 63, 1059, 63, 1050, 65, 1016, 81, 996, 85, 980, 94, 963, 100, 944, 106, 926, 115, 911, 119, 891, 129, 870, 133, 849, 136, 830, 139, 805, 146, 781, 152, 754, 158, 729, 165, 702, 173, 682, 179, 646, 187, 619, 203, 588, 205, 560, 212, 534, 224, 510, 231
207, 135, 346, 136, 351
208, 61, 420, 96, 409, 133, 396, 175, 380, 215, 369, 243, 358, 277, 348, 311, 334, 341, 323, 368, 312, 409, 325, 430, 326, 455, 320, 490, 285, 519, 265, 548, 257, 574, 243, 605, 237, 631, 220, 662, 202, 683, 191, 708, 186, 735, 175, 759, 183, 784, 198, 810, 192, 833, 180, 858, 171, 878, 163, 899, 155, 920, 150, 942, 145, 964, 140, 982, 137, 1000, 132, 1020, 124, 1037, 119, 1056, 116, 1074, 117, 1090, 111, 1104, 104, 1120, 99, 1133, 93, 1149, 91, 1165, 85, 1178, 81, 1192, 78, 1205, 74, 1217, 73, 1231, 66, 1246, 61
211, 1130, 48, 1123, 53, 1112, 56, 1101, 61, 1086, 69, 1071, 79, 1058, 80, 1041, 84, 1024, 94, 1007, 99, 989, 112, 977, 118
214, 691, 184, 722, 173, 762, 168, 781, 170, 814, 172, 848, 166, 879, 157, 908, 152, 938, 143, 967, 138, 992, 128, 1016, 117, 1037, 111, 1058, 104, 1077, 97, 1090, 90, 1106, 81, 1119, 75, 1136, 67, 1151, 61, 1169, 56, 1183, 50, 1193, 46, 1210, 41
216, 1432, 672, 1454, 676, 1474, 680, 1487, 683, 1507, 682, 1515, 678, 1521, 652, 1534, 628, 1553, 613, 1576, 587, 1598, 639, 1610, 571, 1623, 539, 1632, 517, 1640, 492, 1655, 473, 1670, 468, 1687, 446, 1706, 433, 1720, 420, 1736, 406, 1749, 396, 1763, 387, 1772, 382, 1789, 375, 1799, 362, 1812, 348, 1822, 343, 1824, 337, 1820, 327, 1816, 310, 1822, 306, 1830, 296, 1820, 291, 1835, 290, 1842, 293, 1848, 292, 1855, 285
217, 1591, 674, 1598, 677, 1608, 681, 1620, 684, 1607, 686, 1581, 685, 1582, 687
219, 1846, 233, 1844, 236
220, 1808, 458, 1809, 460
222, 73, 509, 114, 498, 164, 477, 212, 460, 262, 443, 308, 432, 348, 414, 389, 399, 424, 391, 457, 373, 492, 361, 528, 347, 564, 330, 601, 322, 639, 306, 668, 300, 700, 292, 733, 281, 762, 275, 788, 261, 814, 252, 835, 247, 859, 237, 882, 229, 903, 220, 929, 213, 947, 203, 966, 195, 982, 191, 999, 183, 1016, 172, 1031, 167, 1044, 165, 1056, 156, 1066, 151, 1081, 147, 1099, 140, 1118, 132, 1153, 122, 1171, 122, 1185, 112, 1199, 107, 1214, 102, 1226, 99, 1241, 97, 1253, 92, 1265, 85, 1277, 82, 1286, 78, 1298, 73, 1307, 68, 1320, 61, 1330, 60, 1338, 58, 1349, 53
223, 1751, 244, 1736, 255, 1716, 270, 1699, 275, 1679, 290, 1664, 304, 1651, 313, 1637, 323, 1620, 339, 1605, 347, 1590, 359, 1575, 376, 1567, 401, 1561, 418, 1552, 430, 1550, 446, 1554, 475, 1558, 493, 1559, 517, 1554, 540, 1547, 563, 1541, 585, 1531, 610, 1517, 650, 1506, 671, 1488, 680, 1476, 674, 1489, 671, 1482, 668
224, 1621, 671, 1642, 676, 1654, 660, 1668, 641, 1687, 620, 1702, 661, 1715, 660
226, 62, 481, 97, 465, 140, 447, 178, 434, 215, 415, 260, 397, 298, 382, 337, 371, 376, 360, 418, 349, 444, 336, 484, 327, 526, 316, 566, 307, 602, 296, 645, 292, 678, 282, 710, 273, 737, 265, 763, 254, 787, 245, 813, 238, 837, 227, 859, 216, 877, 212, 894, 204, 911, 194, 927, 187, 941, 181, 957, 174, 970, 167, 985, 160, 999, 154, 1013, 147, 1028, 141, 1043, 135, 1056, 130, 1077, 111, 1096, 112, 1113, 112, 1130, 109, 1147, 105, 1162, 100, 1179, 95, 1194, 93, 1208, 88, 1222, 84, 1232, 78, 1244, 74, 1256, 69, 1265, 63, 1275, 60, 1285, 57, 1298, 52
227, 1705, 125, 1701, 130, 1695, 140, 1688, 144, 1684, 148, 1680, 158, 1678, 166, 1675, 172, 1673, 179, 1668, 184, 1672, 193, 1676, 210, 1681, 211, 1688, 220, 1696, 230, 1694, 230, 1692, 235, 1692, 241, 1717, 345, 1719, 361, 1717, 362, 1719, 399, 1705, 408, 1690, 420, 1677, 442, 1665, 454, 1654, 473, 1659, 494, 1663, 515, 1669, 533, 1687, 550, 1704, 574, 1714, 597, 1731, 650, 1736, 671
228, 53, 442, 59, 440, 127, 405, 164, 385, 201, 368, 242, 357, 277, 344, 306, 332, 332, 319, 358, 304, 389, 291, 600, 246, 614, 218, 643, 207, 827, 169, 850, 170, 874, 166, 897, 161, 925, 153, 939, 150, 966, 143, 1076, 108, 1091, 102, 1111, 96, 1123, 98, 1134, 91, 1147, 85, 1160, 81, 1172, 76, 1180, 71, 1192, 67, 1200, 64, 1209, 58, 1222, 53
229, 34, 388, 66, 376, 102, 364, 137, 350, 173, 340, 206, 329, 241, 318, 276, 308, 313, 295, 352, 285, 389, 282, 422, 269, 456, 269, 489, 261
230, 1789, 303, 1776, 313, 1760, 324, 1743, 325, 1731, 331, 1643, 396, 1625, 418, 1608, 430, 1540, 532, 1528, 545, 1517, 557, 1508, 589, 1497, 606, 1493, 628, 1491, 656, 1499, 673, 1508, 672, 1502, 670
233, 919, 126, 901, 130, 874, 139, 846, 144, 821, 149, 791, 161, 764, 167, 726, 175, 696, 184, 671, 190, 641, 201, 607, 204, 580, 210
234, 1761, 544, 1773, 528, 1795, 511, 1808, 485, 1816, 475, 1812, 436, 1823, 416, 1816, 383, 1813, 375, 1817, 356
236, 1450, 667, 1384, 677, 1293, 680, 1207, 674, 1115, 676, 1024, 669, 927, 674, 828, 673, 730, 672, 646, 671
238, 1849, 209, 1845, 218, 1812, 227, 1790, 240, 1766, 245, 1747, 253, 1729, 261, 1692, 296, 1670, 306, 1656, 319, 1639, 336, 1619, 346, 1599, 368, 1581, 382, 1566, 396, 1552, 411, 1533, 428, 1515, 444, 1498, 465, 1479, 485, 1468, 506, 1447, 522, 1427, 554, 1398, 581, 1382, 611, 1362, 648, 1337, 664, 1299, 676, 1265, 671, 1219, 666, 1194, 663
241, 1692, 445, 1723, 420, 1744, 394, 1746, 408, 1777, 410, 1801, 382, 1807, 374, 1810, 368, 1823, 360, 1798, 256, 1783, 250, 1779, 239, 1768, 235, 1749, 225, 1726, 220, 1710, 210, 1688, 207, 1673, 200, 1657, 190, 1656, 177, 1626, 165, 1605, 162, 1586, 159, 1565, 162, 1542, 156, 1522, 150, 1510, 145, 1493, 138, 1478, 133, 1463, 131, 1450, 125, 1437, 118, 1428, 111, 1418, 104, 1410, 101, 1407, 96, 1402, 94, 1395, 90, 1393, 85, 1391, 83, 1390, 78, 1391, 76, 1391, 72, 1390, 70, 1393, 70, 1387, 64, 1382, 60
243, 1851, 246, 1841, 254, 1829, 253, 1822, 257, 1838, 251, 1832, 252, 1819, 243, 1804, 228, 1787, 220, 1776, 211, 1758, 207, 1741, 199, 1725, 191, 1707, 186, 1687, 180, 1662, 177, 1636, 171, 1606, 163, 1593, 163, 1573, 160, 1555, 153, 1538, 151, 1523, 142, 1511, 137, 1499, 131, 1488, 125, 1479, 121, 1468, 116, 1460, 109, 1454, 103, 1449, 96, 1442, 94, 1437, 88, 1430, 84, 1423, 77, 1415, 74, 1406, 68
250, 325, 321, 360, 306, 402, 289, 446, 272, 487, 257, 522, 226, 555, 209
253, 73, 406, 112, 392, 133, 383, 234, 354, 269, 337, 301, 324, 340, 306, 367, 296, 391, 288, 416, 278, 445, 267, 466, 254, 491, 246, 511, 240, 528, 228, 546, 217, 561, 206, 577, 200, 595, 197, 613, 188, 631, 176, 652, 167, 700, 157, 718, 148, 740, 140, 784, 132, 807, 129, 828, 125, 849, 117, 873, 111, 886, 107, 907, 101
256, 1288, 56, 1277, 61, 1265, 67, 1254, 70, 1246, 75, 1233, 82, 1225, 86, 1211, 93, 1205, 95, 1189, 101, 1180, 109, 1170, 115, 1166, 122, 1160, 128, 1159, 133, 1157, 140, 1145, 145, 1137, 153, 1128, 158, 1107, 168, 1091, 175, 1066, 184, 1043, 192, 1021, 201, 1000, 210, 982, 215, 961, 222, 939, 232, 915, 241, 887, 246, 870, 253, 830, 271, 800, 284, 779, 293, 733, 304, 699, 313, 671, 326, 644, 344, 603, 357, 561, 374, 518, 390, 474, 397, 434, 416, 392, 424, 358, 454, 310, 469, 262, 493, 213, 514, 164, 533, 117, 557, 59, 575, 37, 591
258, 1806, 176, 1805, 178, 1805, 182, 1806, 182, 1806, 183
259, 136, 324, 100, 333, 67, 349, 40, 355, 27, 362
265, 1733, 321, 1715, 334, 1705, 342, 1699, 362, 1686, 373, 1664, 391, 1647, 409, 1628, 422, 1606, 445, 1601, 466, 1585, 484, 1570, 511, 1551, 524, 1523, 550, 1508, 567, 1480, 605, 1463, 652, 1448, 671, 1424, 675, 1399, 671, 1381, 668
267, 1172, 67, 1151, 69, 1124, 75, 1095, 80, 1071, 85, 1046, 92, 1018, 96, 985, 103, 962, 108, 834, 143, 806, 152, 776, 168, 750, 168, 721, 172, 696, 175, 665, 187, 631, 195, 599, 207, 561, 219, 519, 231, 479, 241, 436, 244, 401, 271, 359, 280, 313, 287, 265, 306, 213, 320, 168, 333, 121, 347, 59, 362, 28, 373, 8, 384
274, 601, 209, 629, 208, 658, 193, 691, 179, 711, 176, 735, 172, 760, 164, 785, 161, 811, 159, 835, 157, 859, 152, 884, 146, 906, 142, 930, 138, 954, 133, 966, 129, 982, 121, 999, 117, 1016, 110, 1032, 106, 1047, 100, 1060, 98, 1074, 96, 1086, 91, 1099, 85, 1112, 83, 1126, 77, 1136, 72, 1147, 69, 1154, 64, 1165, 62, 1170, 56, 1179, 50, 1186, 47, 1192, 44, 1200, 42, 1210, 37
275, 1654, 670, 1644, 668, 1640, 650, 1635, 645
279, 392, 253, 385, 254
282, 1696, 69, 1683, 74, 1672, 79, 1662, 86, 1651, 92, 1639, 98, 1631, 102, 1619, 107, 1608, 111, 1597, 119, 1584, 127, 1570, 133, 1556, 138, 1541, 145, 1527, 153, 1511, 161, 1495, 167, 1481, 175, 1464, 182, 1450, 190, 1433, 201, 1416, 209, 1399, 219, 1378, 224, 1357, 239, 1337, 247, 1316, 258, 1295, 271, 1269, 279, 1243, 292, 1213, 303, 1184, 311, 1158, 328, 1127, 339, 1095, 353, 1061, 365, 1026, 381, 992, 400, 956, 416, 912, 431, 869, 452, 824, 466, 769, 472, 714, 489, 656, 514, 600, 534, 535, 557, 464, 572, 393, 599, 327, 629, 246, 657, 158, 674, 69, 674, 31, 671
284, 1692, 294, 1694, 327, 1695, 340
287, 284, 296, 254, 299, 209, 314, 160, 324, 113, 335, 69, 357, 32, 365, 14, 376
288, 1660, 550, 1672, 517, 1691, 495, 1714, 460, 1729, 437, 1763, 417, 1784, 397, 1803, 374
289, 1638, 671, 1642, 671
291, 636, 197, 654, 188, 676, 179, 696, 170, 717, 161, 742, 151, 762, 139, 787, 135, 805, 127
292, 1102, 60, 1100, 61
295, 1682, 666, 1695, 659, 1707, 622, 1719, 575, 1727, 540, 1742, 505, 1756, 485, 1767, 464, 1783, 452, 1796, 432, 1806, 410, 1813, 386, 1820, 364, 1823, 354, 1825, 338, 1835, 328, 1844, 319, 1849, 300, 1852, 292, 1860, 275
300, 895, 675, 874, 668, 857, 650, 840, 610, 828, 579, 819, 554, 814, 530, 812, 509, 809, 482, 803, 459, 794, 435, 790, 414, 783, 405, 779, 385, 787, 372, 801, 355, 819, 334, 838, 326, 859, 315, 883, 302, 906, 292, 927, 278, 945, 265, 966, 256, 984, 246, 1001, 239, 1016, 232, 1031, 220, 1049, 211, 1060, 202, 1073, 194, 1087, 190, 1101, 181, 1109, 177, 1109, 169, 1101, 161, 1110, 153
305, 1564, 538, 1558, 550, 1549, 573, 1537, 615, 1522, 654, 1507, 672, 1487, 674, 1476, 671
308, 1707, 349, 1706, 354, 1693, 376, 1684, 389, 1679, 405, 1663, 441, 1649, 469, 1640, 498, 1632, 518, 1631, 540, 1634, 568, 1649, 619, 1662, 656, 1672, 668, 1686, 674, 1685, 671
309, 1860, 224, 1852, 222, 1834, 219, 1819, 211, 1806, 204, 1791, 195, 1775, 185, 1750, 180, 1728, 175, 1708, 169, 1685, 167, 1662, 163, 1640, 158, 1614, 154, 1589, 152, 1567, 143, 1557, 135, 1552, 131, 1546, 125, 1539, 119, 1530, 114, 1520, 109, 1510, 103, 1500, 99, 1491, 95, 1485, 90, 1479, 85, 1474, 80, 1466, 76, 1457, 71, 1449, 70, 1444, 64, 1440, 61, 1439, 59, 1439, 53, 1434, 50, 1425, 48, 1418, 43, 1417, 41, 1411, 37
313, 900, 128, 888, 133, 881, 135, 822, 153, 818, 148, 803, 151
315, 827, 183, 846, 182, 866, 174, 881, 171, 897, 160, 911, 159, 927, 155, 941, 153, 958, 146, 973, 138, 987, 137, 1005, 131, 1022, 122, 1041, 117, 1058, 112, 1072, 105, 1084, 102, 1091, 99, 1099, 96, 1108, 92, 1116, 86, 1129, 82, 1141, 78, 1156, 74, 1171, 71, 1185, 69, 1197, 64, 1208, 59, 1216, 59, 1227, 54, 1232, 49, 1235, 47, 1245, 43
316, 1688, 172, 1688, 171
324, 252, 532, 306, 505, 371, 480, 434, 468, 492, 444, 549, 416, 591, 399, 641, 382, 688, 366, 733, 348, 778, 334, 807, 316, 838, 305, 874, 294, 897, 281, 923, 268, 962, 253
330, 1645, 156, 1643, 155
331, 981, 104, 979, 105
335, 1779, 273, 1766, 282, 1748, 292, 1732, 304, 1717, 313, 1698, 325, 1682, 338, 1665, 353, 1648, 365, 1634, 380, 1618, 392, 1606, 414, 1592, 427, 1575, 439, 1566, 457, 1551, 478, 1536, 501, 1523, 514, 1508, 529, 1494, 561, 1474, 580, 1452, 605, 1433, 624, 1404, 643, 1381, 668, 1355, 673, 1336, 670
346, 1030, 85, 1027, 86, 836, 137, 814, 155, 785, 153, 757, 152, 741, 157, 722, 162, 699, 171, 672, 173, 650, 184, 630, 189, 488, 239, 467, 244, 444, 252
347, 881, 136, 877, 137, 828, 147, 795, 154, 773, 159, 707, 175, 668, 187, 637, 194, 609, 207, 581, 214, 533, 223, 490, 231, 458, 239, 415, 260, 378, 269, 345, 278, 252, 319, 217, 328, 181, 338
350, 850, 283, 847, 275
367, 562, 239, 588, 235, 620, 213, 638, 205
368, 489, 243, 484, 239, 463, 241, 422, 253, 384, 266, 359, 273
369, 1842, 256, 1843, 271, 1843, 281
372, 803, 263, 808, 260, 1066, 156, 1091, 145, 1112, 141, 1133, 130, 1153, 124, 1167, 118, 1182, 112, 1198, 105, 1216, 98, 1230, 92, 1247, 83, 1259, 81, 1275, 72, 1293, 64
373, 984, 104, 981, 105, 946, 116, 933, 121, 911, 124, 892, 135, 860, 154, 839, 153, 818, 157, 800, 156, 778, 160, 759, 165, 731, 170, 698, 180, 666, 193, 634, 200, 595, 220, 569, 228, 397, 278, 362, 286, 328, 301, 290, 315, 238, 327, 197, 340, 149, 356, 105, 367, 46, 387, 21, 400
374, 1682, 65, 1675, 70, 1664, 75, 1652, 81, 1642, 87, 1631, 92, 1620, 96, 1611, 101, 1603, 106, 1596, 113, 1589, 117, 1579, 123, 1567, 128, 1556, 134, 1543, 139, 1530, 147, 1514, 157, 1495, 164, 1476, 170, 1458, 175, 1438, 184, 1423, 190, 1409, 202, 1399, 212, 1393, 220, 1385, 227, 1380, 235, 1372, 246, 1365, 255, 1360, 268, 1357, 281, 1358, 289, 1355, 298, 1351, 311, 1341, 325, 1331, 343, 1320, 353, 1309, 370, 1295, 389, 1280, 402, 1259, 411, 1234, 439, 1206, 466, 1180, 482, 1148, 505, 1114, 524, 1078, 546, 1039, 579, 1002, 603, 961, 637, 922, 661, 875, 676, 827, 672, 797, 669
377, 870, 265, 913, 258, 947, 247, 968, 240, 980, 225, 994, 213, 1010, 206, 1022, 194, 1029, 185, 1032, 180, 1036, 169, 1046, 156, 1061, 150, 1073, 144, 1108, 131, 1130, 127, 1152, 121, 1174, 114, 1192, 109, 1207, 102, 1225, 99, 1240, 91, 1253, 87, 1267, 81, 1283, 74, 1293, 69, 1308, 61, 1323, 54
378, 150, 267, 150, 267
386, 77, 506, 126, 485, 150, 475, 250, 436, 317, 448, 370, 413, 421, 387, 468, 372, 533, 349, 556, 341, 586, 331, 617, 314, 657, 303, 690, 289, 719, 273, 746, 268, 774, 254, 799, 248, 825, 237, 855, 222, 886, 212, 899, 206, 928, 196, 950, 192, 963, 183, 983, 177, 1007, 166, 1032, 155, 1038, 146, 1082, 135, 1108, 125, 1102, 123, 1128, 117, 1149, 111, 1165, 105, 1185, 96, 1198, 87, 1207, 84, 1212, 78, 1229, 70
388, 184, 326, 184, 324
390, 1071, 65, 1074, 66
391, 204, 365, 238, 354, 276, 339, 311, 323, 353, 309, 388, 301, 428, 292, 465, 280, 500, 271, 539, 264, 569, 254, 594, 244, 618, 240, 638, 214, 661, 200, 683, 186, 707, 178, 730, 177, 757, 183, 777, 178, 797, 167, 815, 154, 840, 146
392, 890, 152, 909, 146, 928, 141, 938, 134, 943, 126, 950, 118, 957, 113, 968, 108, 978, 102
394, 39, 373, 38, 371
398, 436, 671, 447, 672
399, 1687, 56, 1678, 54, 1676, 61, 1667, 68, 1659, 73, 1653, 78, 1645, 84, 1638, 91, 1628, 96, 1618, 100, 1605, 108, 1593, 113, 1584, 118, 1573, 125, 1559, 131, 1546, 138, 1530, 145, 1513, 153, 1499, 160, 1484, 167, 1470, 178, 1459, 187, 1448, 196, 1441, 206, 1431, 218, 1417, 225, 1404, 235, 1386, 243, 1368, 253, 1340, 272, 1319, 281, 1293, 289, 1276, 308, 1260, 322, 1240, 337, 1223, 353, 1200, 366, 1181, 381, 1150, 404, 1121, 422, 1085, 443, 1057, 462, 1025, 485, 988, 509, 957, 528, 921, 551, 884, 579, 851, 602, 808, 639, 780, 659, 711, 679, 630, 674, 593, 671
400, 69, 514, 76, 510, 166, 474, 220, 451, 273, 428, 321, 414, 375, 398, 424, 382, 474, 366, 521, 352, 565, 343, 608, 322, 645, 312, 681, 297, 716, 284, 755, 274, 784, 262, 814, 251, 835, 243, 862, 228, 888, 223, 915, 215, 941, 203, 967, 196, 992, 192, 1020, 185, 1046, 173, 1073, 168, 1097, 164, 1118, 152, 1137, 146, 1155, 139, 1168, 133, 1179, 128, 1186, 120, 1197, 114, 1216, 106, 1223, 102, 1228, 92, 1235, 84, 1241, 79, 1247, 70, 1250, 63, 1255, 59, 1264, 52
401, 584, 666, 613, 668, 663, 646, 711, 620, 757, 577, 803, 550, 836, 539, 869, 510, 897, 487, 920, 466, 953, 447, 982, 430, 1006, 414, 1028, 391, 1043, 379, 1063, 361, 1078, 347, 1092, 330, 1108, 312, 1118, 307, 1135, 296, 1153, 281, 1167, 269, 1185, 251, 1203, 242, 1220, 239, 1243, 229, 1261, 220, 1280, 209, 1302, 190, 1315, 186, 1333, 182, 1348, 176, 1355, 168, 1372, 161, 1386, 153, 1399, 145, 1411, 139, 1423, 137, 1433, 132, 1444, 120, 1455, 114, 1466, 109, 1474, 102, 1488, 98, 1494, 92, 1504, 86, 1511, 82, 1519, 75, 1526, 71, 1533, 65, 1542, 61, 1550, 58, 1558, 52, 1567, 46
405, 717, 674, 770, 672, 815, 655, 869, 615, 910, 575, 949, 555, 989, 530, 1022, 514, 1054, 492, 1085, 470, 1109, 447, 1137, 429, 1162, 416, 1184, 400, 1204, 382, 1216, 362, 1228, 345, 1237, 336, 1242, 324, 1248, 306, 1253, 293, 1260, 283, 1267, 271, 1275, 258, 1291, 245, 1306, 240, 1315, 228, 1329, 215, 1358, 208, 1375, 198, 1390, 189, 1406, 182, 1421, 177, 1432, 170, 1447, 162, 1460, 155, 1473, 149, 1487, 143, 1498, 138, 1510, 129, 1518, 122, 1525, 117, 1536, 113, 1544, 107, 1556, 101, 1564, 95, 1571, 89, 1578, 84, 1583, 78, 1590, 70, 1590, 64, 1590, 61, 1591, 57, 1597, 51
408, 1764, 418, 1761, 435, 1755, 462, 1748, 484, 1745, 507, 1744, 532, 1740, 552
409, 96, 376, 93, 372
411, 672, 295, 713, 285, 747, 275, 781, 260, 808, 252, 834, 239, 858, 228, 878, 219, 895, 209, 915, 203, 938, 194
418, 1078, 123, 1085, 119, 1090, 111, 1097, 105, 1104, 100, 1108, 93, 1115, 85, 1112, 81, 1115, 75, 1121, 72, 1128, 64, 1138, 62, 1147, 55, 1158, 49, 1168, 47, 1175, 44, 1182, 40
420, 597, 193, 594, 185
422, 277, 331, 318, 326, 368, 315, 412, 302, 453, 285, 489, 278, 515, 266, 546, 251, 574, 240, 597, 235, 625, 244, 646, 214, 672, 196, 701, 184, 712, 168, 732, 155, 751, 155, 768, 158, 790, 171, 801, 154, 816, 141, 829, 136, 832, 129, 827, 123, 843, 116
424, 1006, 85, 1009, 84
425, 1377, 42, 1373, 39, 1372, 38
428, 512, 225, 479, 242, 456, 246, 425, 248, 395, 253, 367, 262, 331, 266, 299, 277, 263, 290, 231, 303, 196, 300, 156, 320, 120, 337, 83, 347, 44, 364, 23, 369, 7, 379
437, 1252, 48, 1241, 50, 1228, 52, 1214, 57, 1205, 60
442, 1781, 252, 1764, 242, 1748, 233, 1727, 224, 1708, 219, 1693, 216, 1679, 205, 1667, 202, 1656, 191, 1645, 183, 1633, 180, 1630, 172, 1623, 164, 1613, 166, 1607, 161, 1602, 157, 1599, 156, 1595, 154, 1597, 149, 1595, 143, 1595, 139, 1606, 127, 1610, 125, 1619, 124, 1627, 120, 1632, 116, 1642, 112, 1655, 113, 1670, 109, 1684, 106, 1698, 100, 1708, 92, 1717, 86, 1724, 81
445, 885, 144, 897, 138, 910, 136, 927, 127, 943, 121, 958, 117, 975, 110, 991, 104, 1003, 100, 1020, 98, 1034, 94
457, 1117, 115, 1134, 110, 1137, 100, 1158, 93, 1169, 88
460, 1832, 255, 1815, 227, 1791, 212, 1771, 201, 1759, 194, 1743, 184, 1730, 180, 1716, 173, 1700, 166, 1684, 163, 1666, 155, 1654, 152, 1642, 150, 1634, 145, 1634, 140, 1641, 135, 1632, 129
472, 1088, 100, 1070, 105, 1047, 113, 1023, 122, 999, 127, 976, 133, 949, 138, 923, 144, 897, 150, 869, 153, 840, 156, 814, 158, 783, 162, 754, 166, 721, 170, 689, 177, 657, 189, 624, 204, 586, 214, 547, 223, 509, 232, 474, 241, 437, 252, 405, 260, 364, 272, 329, 286, 295, 298, 257, 315, 219, 324, 179, 337, 140, 352, 93, 370, 52, 384, 29, 397, 11, 409
475, 862, 383, 903, 369, 943, 352, 986, 339, 1027, 334, 1066, 327, 1114, 335, 1145, 318, 1178, 297, 1210, 283, 1241, 277, 1268, 270, 1295, 255, 1326, 244, 1362, 236, 1400, 228, 1435, 223, 1467, 220, 1496, 214, 1525, 217, 1545, 204, 1567, 186, 1587, 170, 1608, 167, 1631, 162, 1652, 157, 1673, 152, 1688, 150, 1704, 144, 1727, 137
481, 1060, 81, 1072, 74, 1087, 70, 1099, 67, 1114, 57, 1126, 51, 1138, 51, 1153, 46, 1164, 46, 1176, 40, 1188, 36
482, 1852, 241, 1845, 258, 1842, 285, 1836, 295, 1828, 291, 1812, 288, 1793, 286, 1780, 295, 1768, 301, 1751, 309, 1736, 325, 1728, 341, 1724, 355, 1709, 365, 1698, 375, 1686, 393, 1670, 410, 1658, 431, 1640, 446, 1625, 462, 1607, 480, 1587, 494, 1564, 520, 1546, 534, 1523, 556, 1507, 571, 1466, 609, 1443, 632, 1420, 655, 1409, 673, 1398, 671, 1377, 666, 1359, 663
489, 1097, 245, 1102, 244, 1241, 196, 1266, 188, 1300, 181, 1324, 175, 1345, 164, 1366, 155, 1384, 149, 1399, 142, 1411, 137, 1420, 132, 1430, 124, 1436, 116, 1445, 111, 1456, 104, 1469, 101, 1487, 95, 1504, 90, 1520, 87, 1536, 81
494, 1707, 152, 1702, 160, 1695, 165, 1696, 173, 1700, 183, 1702, 192, 1707, 197, 1717, 209, 1730, 218, 1734, 231, 1741, 239, 1743, 250, 1742, 260, 1739, 273, 1738, 284, 1734, 296, 1726, 306, 1720, 320, 1708, 333, 1696, 348, 1686, 363, 1675, 376, 1663, 391, 1645, 406, 1624, 422, 1599, 437, 1570, 457, 1544, 475, 1514, 495, 1484, 515, 1444, 528, 1427, 541
498, 1357, 43, 1344, 47, 1330, 52, 1319, 56, 1309, 60, 1299, 63, 1283, 67, 1274, 70, 1262, 76, 1249, 83, 1235, 87, 1221, 92, 1209, 96, 1201, 99, 1190, 108, 1180, 111, 1169, 116, 1158, 124, 1147, 128
504, 1386, 59, 1375, 58, 1363, 60, 1353, 64, 1341, 70, 1329, 73, 1315, 77, 1302, 82, 1293, 88, 1281, 93, 1269, 95, 1261, 101, 1249, 106, 1237, 112, 1226, 118, 1215, 124, 1203, 129, 1194, 128, 1183, 133, 1161, 147, 1144, 151, 1125, 156, 1107, 161, 1092, 166, 1077, 174, 1061, 180, 1044, 186, 1029, 196, 1014, 203, 996, 214, 981, 220, 939, 244, 917, 248, 895, 255, 875, 265, 854, 273, 828, 286, 796, 297, 764, 303, 733, 316, 703, 327, 665, 341, 629, 353, 595, 363, 561, 379, 529, 394, 491, 407, 457, 419, 428, 432, 382, 452, 337, 467, 292, 486, 248, 512, 197, 527, 134, 543, 78, 569, 42, 584
509, 892, 179, 849, 183, 808, 187, 780, 190
510, 1580, 673, 1597, 669, 1624, 664, 1645, 642, 1665, 631, 1692, 610, 1714, 572, 1741, 545, 1767, 496, 1794, 488, 1809, 480, 1830, 463
511, 1842, 329, 1835, 337, 1816, 350, 1808, 358
512, 1678, 124, 1689, 118, 1697, 115, 1704, 113, 1711, 110
519, 760, 293, 793, 280, 830, 271, 868, 260, 905, 249, 938, 239, 969, 229, 1003, 215, 1037, 206, 1071, 197, 1103, 191, 1131, 184, 1156, 177, 1180, 165, 1204, 151, 1219, 148, 1233, 139, 1248, 131, 1260, 126, 1274, 118, 1288, 113, 1302, 107, 1311, 98, 1326, 92, 1334, 85, 1342, 78, 1346, 74, 1350, 69, 1358, 61, 1365, 57, 1371, 50, 1382, 43
522, 60, 284, 62, 283, 61, 283, 63, 283, 64, 282, 62, 285, 62, 286, 60, 287, 57, 289, 54, 293, 54, 294
523, 1788, 386, 1776, 399, 1763, 400, 1754, 405, 1724, 449, 1704, 467, 1693, 495, 1683, 512, 1680, 532, 1683, 558, 1682, 586, 1685, 599, 1692, 644, 1691, 666, 1691, 675, 1673, 669, 1666, 666
524, 121, 663, 167, 650, 216, 615, 265, 585, 317, 558, 361, 539, 404, 520, 447, 494, 486, 473, 522, 461, 556, 444, 589, 425, 618, 406, 644, 394, 667, 378, 691, 358, 715, 346, 744, 335, 774, 324, 806, 307, 839, 299, 875, 292, 913, 284, 947, 274, 975, 264, 1004, 257, 1031, 246, 1054, 236, 1074, 226, 1096, 220, 1121, 212, 1146, 204, 1170, 197, 1191, 191, 1209, 182, 1222, 172, 1236, 165, 1249, 162, 1263, 154, 1281, 146, 1299, 141, 1317, 138, 1337, 131, 1350, 126, 1364, 121, 1374, 113, 1379, 108, 1386, 106, 1390, 101, 1393, 96, 1398, 90, 1406, 83, 1415, 78, 1425, 72, 1435, 67, 1446, 63, 1458, 58, 1468, 53, 1478, 50, 1489, 45, 1493, 37, 1503, 32
526, 276, 342, 332, 332, 363, 320, 407, 311, 445, 300, 485, 292, 513, 280, 537, 273, 563, 259, 593, 242, 618, 223, 649, 210, 897, 152, 921, 134, 947, 129, 971, 130, 996, 124, 1017, 117, 1036, 109, 1055, 102, 1072, 98, 1088, 91, 1103, 82, 1116, 77, 1131, 70, 1143, 64, 1157, 60, 1170, 57, 1181, 49, 1190, 46, 1206, 39
528, 1657, 64, 1648, 67, 1635, 72, 1622, 75, 1607, 82, 1594, 90, 1584, 98, 1572, 103, 1564, 108, 1558, 117, 1549, 124, 1544, 131, 1535, 136, 1525, 144, 1512, 151, 1497, 159, 1486, 166, 1475, 175, 1466, 186, 1461, 192, 1449, 203, 1440, 216, 1429, 227, 1415, 236, 1396, 245, 1372, 255, 1347, 269, 1324, 281, 1303, 298, 1279, 307, 1255, 321, 1229, 333, 1206, 342, 1184, 359, 1161, 377, 1138, 400, 1107, 422, 1076, 441, 1043, 459, 1004, 485, 967, 500, 927, 523, 890, 550, 852, 579, 814, 611, 777, 647, 735, 671, 687, 675, 640, 670, 591, 665, 556, 661
534, 1663, 79, 1659, 79, 1655, 80, 1633, 102, 1621, 110, 1609, 116, 1601, 124, 1591, 132, 1582, 138, 1572, 146, 1566, 152, 1561, 162, 1555, 171, 1549, 180, 1539, 186, 1529, 192, 1515, 205, 1511, 215, 1490, 228, 1479, 233, 1456, 245, 1431, 257, 1410, 271, 1389, 283, 1368, 298, 1349, 310, 1329, 322, 1306, 334, 1285, 347, 1261, 359, 1236, 382, 1214, 402, 1188, 420, 1160, 440, 1128, 459, 1097, 484, 1063, 500, 1030, 528, 998, 554, 958, 582, 925, 603, 885, 639, 848, 668, 811, 674, 766, 668, 734, 665
535, 515, 261, 509, 264
536, 424, 284, 391, 298, 362, 306, 320, 318, 283, 336, 249, 346, 197, 357, 140, 371, 83, 377, 34, 383, 14, 392
537, 1463, 669, 1498, 676, 1538, 672, 1536, 657, 1556, 656
539, 1113, 139, 1094, 144, 1078, 154, 1060, 156, 1041, 160, 1023, 167, 1006, 173, 990, 183, 976, 188, 960, 195, 944, 202, 928, 207, 904, 221, 885, 223, 864, 232, 844, 244, 820, 252, 791, 263, 766, 271, 737, 277, 706, 287, 673, 295, 639, 305, 610, 323, 581, 334, 547, 343, 518, 358, 480, 369, 445, 386, 405, 395, 361, 409, 326, 425, 284, 446, 236, 460, 184, 477, 129, 496, 83, 519, 44, 539, 25, 553
540, 1642, 86, 1635, 92, 1625, 98, 1613, 105, 1607, 108, 1594, 116, 1586, 118, 1572, 119, 1563, 123
541, 1598, 617, 1628, 583, 1658, 547, 1691, 521, 1717, 498, 1745, 474, 1770, 449, 1796, 428, 1817, 417, 1829, 399, 1852, 377
543, 818, 124, 822, 129, 816, 161, 834, 169, 838, 181
547, 1351, 58, 1339, 63, 1333, 65
549, 1069, 670, 1079, 672, 1079, 675, 1080, 672, 1088, 668, 1099, 658, 1105, 641, 1114, 626, 1143, 650, 1139, 673, 1147, 674
552, 774, 147, 752, 153, 725, 160, 696, 168, 666, 176, 635, 183, 603, 194, 567, 204, 534, 214, 496, 224, 458, 233, 423, 242, 386, 253, 352, 263, 311, 279, 270, 289, 230, 305, 196, 315, 145, 338, 98, 353, 54, 368, 31, 380
554, 1267, 89, 1254, 94, 1237, 100, 1220, 107, 1202, 113, 1184, 121, 1165, 128, 1147, 132, 1131, 138
555, 1309, 622, 1272, 642, 1256, 656
557, 1541, 138, 1524, 179, 1504, 170, 1484, 178, 1467, 175, 1446, 174, 1422, 183, 1400, 193, 1378, 201, 1355, 212, 1331, 222, 1310, 232, 1288, 246, 1262, 256, 1241, 271, 1215, 283, 1192, 300, 1166, 311, 1140, 325, 1115, 336, 1082, 352, 1051, 370, 1019, 388, 989, 414, 959, 431, 926, 455, 894, 474, 858, 496, 818, 526, 779, 548, 733, 576, 679, 600, 620, 637, 564, 670, 504, 674, 465, 671
560, 1133, 571, 1138, 552, 1145, 547, 1157, 528, 1178, 519, 1192, 513, 1210, 498, 1226, 495, 1239, 487
562, 1793, 279, 1783, 287, 1774, 300, 1762, 310, 1752, 319, 1743, 332, 1736, 347, 1725, 362, 1717, 370, 1709, 387, 1701, 408, 1690, 426, 1676, 433, 1664, 445, 1663, 460, 1653, 470, 1647, 489, 1638, 505, 1625, 522, 1616, 543, 1608, 570, 1602, 593, 1599, 645, 1596, 676, 1579, 681, 1567, 678, 1552, 673, 1531, 668, 1521, 665
563, 1565, 679, 1562, 676, 1566, 660, 1563, 616, 1556, 573, 1547, 549, 1535, 521, 1534, 490, 1529, 475, 1523, 455, 1532, 426, 1538, 414, 1544, 405, 1544, 386, 1598, 351, 1618, 344, 1625, 326, 1692, 281, 1715, 274, 1736, 265, 1749, 252, 1763, 243, 1772, 236, 1773, 227, 1771, 217, 1764, 210, 1752, 198, 1740, 191, 1728, 181, 1712, 174, 1698, 169, 1689, 161, 1677, 151, 1671, 147, 1671, 141, 1669, 137, 1673, 134, 1681, 128, 1689, 124, 1694, 118, 1706, 111, 1715, 107, 1718, 100
566, 1843, 322, 1841, 326, 1841, 339, 1840, 344
568, 1068, 165, 1047, 171, 1021, 181, 997, 190, 970, 196, 942, 207, 914, 216, 886, 226, 858, 239, 834, 246, 805, 255, 776, 271, 742, 278, 707, 291, 668, 303, 631, 315, 592, 334, 554, 347, 515, 364, 471, 381, 421, 399, 365, 419, 302, 437, 239, 457, 168, 472, 98, 485, 50, 472, 28, 484
570, 58, 285, 59, 286, 55, 291, 55, 293, 52, 282, 51, 279, 51, 279, 51, 279, 50, 279, 51, 279, 51, 278, 51, 278, 51, 278, 57, 283, 59, 283, 60, 284, 53, 281, 54, 281, 52, 293, 51, 293, 52, 295, 53, 291, 54, 291, 58, 288, 60, 287, 62, 284, 62, 284, 54, 280, 53, 279
572, 1841, 343, 1836, 334, 1832, 341
576, 1827, 382, 1826, 394, 1820, 414, 1807, 421, 1800, 433, 1794, 449, 1790, 463, 1782, 481, 1764, 493, 1753, 511, 1747, 531, 1736, 555, 1731, 585, 1722, 623, 1684, 669, 1692, 670, 1692, 677, 1691, 672, 1683, 669
577, 220, 396, 255, 379, 303, 367, 322, 353, 361, 320, 383, 308, 408, 301, 434, 293, 462, 278, 491, 267, 516, 262, 547, 244, 572, 238, 606, 228, 636, 206, 666, 189, 696, 180, 726, 168
578, 1290, 485, 1302, 504, 1310, 479, 1319, 426, 1329, 422, 1341, 411, 1351, 409, 1354, 406, 1358, 402, 1367, 398, 1376, 392, 1381, 391, 1386, 383, 1396, 378, 1405, 372, 1427, 412, 1429, 374, 1436, 356, 1443, 347, 1445, 340, 1447, 332, 1450, 326, 1449, 318, 1445, 312, 1443, 309, 1444, 301, 1448, 300, 1451, 291, 1455, 287, 1457, 278, 1454, 275, 1451, 271, 1453, 266, 1459, 262, 1461, 253, 1466, 250, 1473, 245, 1480, 246, 1485, 239, 1492, 234, 1501, 237, 1511, 243, 1511, 234, 1517, 222, 1525, 226, 1534, 218, 1541, 212, 1557, 220, 1564, 217, 1598, 179, 1600, 173, 1603, 170, 1606, 172, 1605, 169, 1606, 167, 1610, 165, 1616, 163, 1616, 159, 1617, 156, 1624, 153, 1626, 152, 1633, 147, 1639, 144, 1647, 144, 1654, 144, 1657, 139, 1661, 136, 1697, 129, 1697, 124, 1699, 121, 1698, 115, 1702, 112
579, 1767, 317, 1762, 314, 1696, 378, 1677, 381, 1672, 380, 1664, 386, 1640, 396, 1605, 402, 1563, 414, 1507, 426, 1483, 434
583, 1524, 495, 1507, 515, 1499, 538, 1499, 568, 1515, 621, 1546, 658, 1556, 684, 1560, 688
584, 1713, 316, 1712, 322
590, 1486, 565, 1454, 596, 1415, 634, 1377, 661, 1335, 673, 1289, 667, 1255, 663
591, 1300, 50, 1292, 53, 1288, 56
592, 1301, 56, 1290, 63, 1277, 67, 1269, 70
593, 148, 268, 147, 270, 147, 271
594, 1296, 66, 1291, 74, 1288, 78
596, 1282, 489, 1274, 489
601, 1000, 488, 943, 491, 856, 502, 791, 508, 710, 524, 635, 533, 562, 544, 467, 559, 386, 570, 296, 582, 209, 599, 128, 612, 56, 623
604, 153, 368, 187, 359, 227, 346, 263, 341, 297, 324, 332, 312, 367, 304, 398, 292, 428, 282, 461, 272, 487, 264, 517, 257, 544, 248, 567, 240, 593, 233, 616, 234, 640, 220, 668, 199, 692, 185, 717, 177, 745, 174, 767, 168, 792, 169, 812, 167, 835, 167, 858, 163, 880, 159, 906, 162, 930, 157, 979, 140, 1002, 137, 1022, 133, 1043, 125, 1061, 119, 1076, 114, 1092, 111, 1107, 106, 1119, 100, 1133, 98, 1145, 96, 1157, 89, 1174, 84, 1186, 81, 1200, 76, 1213, 71, 1225, 67, 1239, 63, 1252, 60, 1262, 56, 1272, 52, 1285, 48
605, 1268, 107, 1260, 114, 1249, 122, 1244, 127, 1228, 131, 1217, 138, 1204, 144, 1187, 150, 1167, 157, 1157, 163, 1145, 169, 1133, 174, 1114, 181, 1096, 190, 1095, 197, 1083, 207, 1072, 213, 1017, 245, 1012, 254, 999, 262, 967, 280, 953, 289, 924, 300, 899, 309, 875, 327, 858, 337, 818, 356, 799, 367, 665, 434, 641, 447, 617, 463, 587, 490, 563, 505, 512, 532, 453, 563, 421, 584, 391, 602, 302, 661, 269, 675
609, 1124, 52, 1112, 59, 1105, 63
611, 1046, 99, 1058, 95, 1074, 88, 1084, 86, 1107, 77, 1121, 72, 1135, 67
612, 1424, 676, 1444, 669, 1463, 659, 1486, 633, 1503, 596, 1518, 567, 1530, 547, 1537, 529, 1548, 501, 1556, 478, 1566, 452, 1576, 441, 1583, 425, 1589, 407, 1595, 386, 1599, 376, 1604, 365, 1605, 353, 1613, 336, 1622, 322, 1631, 312, 1650, 301, 1665, 288, 1680, 276, 1700, 262, 1714, 257, 1729, 246, 1740, 234, 1747, 229, 1758, 221, 1766, 213, 1774, 205, 1777, 198, 1771, 193, 1761, 182, 1740, 176, 1720, 169, 1701, 165, 1687, 160, 1681, 153, 1680, 146, 1680, 140, 1679, 127, 1675, 120
615, 1238, 58, 1234, 59, 1213, 68, 1195, 71, 1180, 77, 1163, 82, 1146, 89, 1132, 95, 1115, 100, 1099, 105, 1082, 110, 1068, 116, 1049, 124, 1034, 128, 1016, 136, 998, 144, 984, 150, 962, 155, 941, 160, 925, 166, 886, 170, 850, 176, 821, 186, 799, 192, 559, 247, 530, 254, 501, 272, 461, 284, 417, 294, 398, 304, 353, 315, 317, 333, 282, 349, 254, 361, 228, 384, 185, 407, 154, 419, 103, 433, 66, 450, 39, 463
617, 1760, 515, 1770, 501, 1776, 476, 1788, 455, 1803, 444, 1816, 423, 1826, 407
618, 1231, 75, 1219, 79, 1203, 86, 1188, 91, 1171, 96, 1156, 102, 1141, 107, 1126, 109, 1109, 117, 1093, 125, 1079, 128, 1064, 135, 1043, 143, 1025, 151, 1009, 156, 984, 162, 961, 169, 923, 175, 888, 180, 853, 187, 811, 187, 776, 180, 759, 166, 734, 166, 704, 171, 679, 177, 655, 184, 626, 193, 601, 209, 581, 212, 549, 222, 507, 238, 492, 244, 457, 249, 419, 260, 379, 276, 346, 296, 323, 303, 294, 311, 261, 330, 213, 351, 173, 363, 123, 376, 68, 394, 32, 413, 14, 425
619, 1016, 89, 999, 95, 981, 102, 956, 110, 935, 117, 907, 123, 883, 128, 848, 133, 815, 138, 792, 144, 707, 168, 679, 174, 653, 184, 626, 194, 600, 206, 578, 227, 555, 236, 531, 244, 508, 255, 485, 269, 464, 281, 433, 298, 411, 312, 375, 328, 334, 343, 290, 361, 240, 375, 193, 397, 142, 412, 84, 432, 47, 446
629, 1112, 100, 1095, 103, 1089, 78, 1077, 70, 1066, 77, 1056, 77, 1043, 82, 1034, 88, 1023, 88, 983, 105, 964, 109, 949, 115, 929, 119, 909, 130, 892, 136, 876, 140
630, 1595, 345, 1596, 340
632, 1663, 52, 1654, 53, 1643, 59, 1633, 67, 1619, 72, 1611, 78, 1598, 83, 1587, 85, 1578, 92, 1568, 98, 1562, 106, 1553, 110, 1543, 118, 1535, 122, 1525, 127, 1513, 136, 1497, 142, 1481, 150, 1466, 157, 1447, 164, 1426, 171, 1407, 179, 1391, 187, 1377, 193, 1365, 202, 1356, 216, 1348, 227, 1341, 237, 1333, 245, 1321, 253, 1310, 266, 1299, 275, 1263, 305, 1244, 319, 1228, 330, 1207, 343, 1185, 360, 1164, 371, 1139, 390, 1116, 404, 1085, 421, 1052, 440, 1020, 458, 989, 484, 964, 510, 933, 529, 903, 557, 873, 579, 839, 610, 804, 645, 761, 671, 733, 673
634, 1844, 331, 1842, 332, 1843, 349, 1838, 362, 1836, 371
637, 1761, 330, 1747, 342, 1737, 352, 1730, 366, 1722, 375, 1714, 385, 1697, 410, 1682, 422, 1665, 430, 1649, 451, 1632, 463, 1616, 475, 1598, 501, 1582, 513, 1565, 527, 1548, 550, 1529, 569, 1509, 596, 1493, 614, 1474, 642, 1460, 666, 1445, 677, 1420, 674, 1404, 672
639, 53, 291, 55, 290, 57, 286, 53, 280, 59, 282, 62, 282, 63, 282, 63, 283, 60, 284, 58, 285, 57, 285, 60, 284, 62, 283, 63, 283, 48, 295, 52, 295, 51, 292, 51, 293, 51, 293, 50, 294, 56, 289, 58, 288, 59, 286, 60, 286, 56, 294, 56, 291, 55, 291, 49, 297, 51, 295, 51, 297, 50, 298, 59, 286, 60, 286, 57, 288, 56, 290, 53, 290, 52, 291, 51, 292, 61, 283, 59, 284, 56, 285, 56, 284, 55, 292, 54, 293, 54, 293, 57, 290, 59, 287, 60, 285, 62, 285, 55, 282, 52, 280, 51, 280, 50, 279, 52, 291, 52, 292
644, 848, 149, 853, 150
646, 942, 127, 935, 128, 904, 134, 892, 138, 885, 143, 856, 152, 830, 156, 809, 155, 789, 157, 773, 160, 755, 163, 742, 163, 728, 167, 712, 170, 679, 184, 676, 189, 662, 197, 646, 211, 620, 230, 601, 238, 580, 245, 558, 251, 534, 262, 518, 270, 481, 278, 453, 288, 439, 298, 406, 307, 391, 305, 366, 321, 332, 335, 305, 349, 290, 361, 257, 368, 225, 381, 189, 401, 167, 410, 142, 420, 118, 426, 84, 437, 55, 445, 37, 458, 25, 467
647, 271, 330, 302, 312, 328, 297, 348, 287, 377, 268, 398, 262, 416, 252, 438, 242
650, 695, 189, 696, 191
651, 880, 676, 921, 669, 963, 655, 1001, 630, 1039, 591, 1074, 559, 1108, 536, 1140, 514, 1167, 494, 1197, 475, 1227, 458, 1250, 439, 1280, 412, 1299, 397, 1323, 384, 1343, 372, 1359, 355, 1377, 336, 1393, 332, 1406, 315, 1422, 304, 1433, 291, 1446, 275, 1456, 267, 1465, 254, 1479, 246, 1493, 244, 1503, 232, 1520, 218, 1534, 205, 1548, 197, 1563, 185, 1573, 180, 1587, 170, 1598, 163, 1607, 161, 1618, 155, 1627, 145, 1637, 139, 1647, 135, 1657, 127, 1668, 122, 1680, 119, 1686, 112, 1693, 107, 1699, 103, 1706, 97, 1710, 92, 1713, 93, 1721, 87
653, 1281, 425, 1306, 394, 1335, 358, 1365, 327, 1395, 295, 1431, 272, 1465, 248, 1500, 226, 1531, 221, 1554, 195, 1573, 175, 1588, 161, 1597, 150, 1603, 135, 1608, 124, 1610, 113, 1609, 105, 1610, 95, 1614, 84, 1625, 69
654, 773, 158, 751, 168, 726, 162, 707, 167, 681, 169, 657, 180, 637, 182, 616, 186, 601, 200, 587, 206, 559, 210, 545, 217, 516, 227, 488, 236, 461, 248, 435, 256, 410, 268, 391, 277, 370, 288, 349, 298, 320, 309, 297, 318, 229, 332, 186, 348, 142, 356, 93, 372, 51, 384, 31, 393
655, 617, 223, 578, 235, 537, 244, 502, 251, 463, 267, 434, 277, 36, 449, 19, 464
656, 602, 232, 582, 243, 557, 256, 531, 271, 496, 286, 462, 297, 441, 305, 413, 322, 383, 333, 352, 348, 324, 361, 297, 376, 267, 398, 228, 414, 183, 432, 130, 450, 62, 470, 33, 485
659, 1786, 440, 1793, 441, 1790, 453, 1801, 463, 1809, 468, 1808, 478, 1801, 497, 1797, 502, 1797, 511
661, 1761, 445, 1749, 452, 1724, 461, 1721, 479, 1692, 504, 1685, 521, 1667, 535, 1665, 558, 1668, 581, 1666, 640, 1660, 653, 1642, 667, 1626, 677, 1604, 674, 1593, 672
662, 600, 678, 615, 662, 622, 635, 628, 606, 630, 581, 630, 549, 638, 517, 641, 490, 654, 470, 668, 449, 679, 428, 696, 410, 706, 388, 719, 376, 734, 362, 746, 346, 761, 331, 778, 311, 795, 299, 822, 291, 835, 276, 849, 266, 867, 252, 880, 240, 892, 230, 904, 221, 918, 211, 931, 201, 945, 192, 957, 185, 970, 177, 985, 170, 996, 159, 1012, 152, 1027, 148, 1039, 138, 1053, 133, 1065, 121, 1081, 119, 1095, 117, 1112, 109, 1132, 103, 1143, 97, 1158, 92, 1171, 87, 1182, 82, 1194, 78, 1206, 72, 1218, 64, 1231, 61, 1240, 56, 1252, 50
663, 867, 143, 867, 142
664, 742, 668, 732, 656, 738, 624, 738, 602, 740, 569, 748, 530, 744, 502, 751, 479, 756, 456, 758, 432, 766, 419, 778, 402, 791, 380, 803, 363, 817, 350, 830, 333, 841, 317, 852, 303, 868, 295, 887, 282, 905, 270, 924, 259, 938, 251, 951, 239, 967, 231, 980, 218, 991, 210, 1002, 201, 1014, 190, 1027, 179, 1037, 171, 1043, 165, 1059, 156, 1073, 151, 1085, 141, 1114, 128, 1128, 124, 1134, 120, 1147, 112, 1162, 104, 1174, 96, 1187, 96, 1199, 91, 1212, 83, 1226, 80, 1239, 72, 1245, 67, 1258, 63, 1270, 56
665, 825, 174, 816, 176, 800, 172, 780, 171, 767, 170
666, 598, 233, 592, 244, 564, 252, 529, 266, 491, 272, 459, 284, 434, 299, 402, 308, 368, 328, 333, 339, 285, 355, 251, 376, 201, 387, 152, 402, 114, 430, 80, 445
668, 1098, 60, 1084, 63, 1069, 68, 1060, 71, 1038, 79, 1023, 87, 1010, 92, 994, 100, 982, 103, 967, 111, 950, 114, 934, 122, 914, 131, 894, 138, 869, 143, 844, 148, 818, 154, 796, 155, 771, 164, 750, 168, 727, 174, 703, 179, 679, 187, 653, 203, 620, 208, 599, 226, 570, 245, 540, 255, 507, 268, 468, 274, 432, 287, 398, 298, 346, 310, 294, 326, 246, 337, 195, 352, 145, 366, 95, 382, 43, 392, 21, 404
669, 146, 271, 146, 272, 151, 272, 151, 272, 143, 273, 142, 274
670, 710, 164, 705, 172, 683, 176, 658, 188, 636, 192, 608, 199, 586, 213, 560, 227, 550, 239, 524, 250, 501, 256, 487, 266, 462, 273, 444, 278, 427, 292, 391, 301, 367, 307, 359, 319, 322, 328, 300, 337, 266, 349, 231, 364, 189, 344, 174, 382, 142, 401, 112, 411, 114, 424, 60, 432, 37, 438, 25, 448
672, 35, 366, 42, 359, 58, 354, 89, 336, 110, 320, 142, 312, 161, 302, 486, 218, 510, 214, 537, 205, 555, 204, 583, 197, 603, 189, 627, 184, 651, 177, 671, 168, 690, 166, 715, 161, 737, 155, 779, 151, 801, 147, 815, 143, 828, 135, 845, 132, 868, 126, 884, 123, 898, 121, 912, 113, 926, 108, 936, 107, 948, 101, 956, 106, 971, 94, 985, 85, 997, 83, 1011, 78, 1026, 74
673, 102, 361, 122, 357, 148, 345, 164, 339, 267, 297, 271, 291, 289, 283, 335, 279, 347, 272, 359, 266, 379, 260, 487, 238, 513, 230, 540, 224, 576, 214, 602, 206, 643, 198, 667, 187, 688, 183, 709, 176, 727, 169, 749, 163, 767, 160, 787, 154, 808, 151, 828, 149, 838, 155, 860, 159, 889, 152, 919, 148, 952, 144, 984, 141, 1013, 133, 1039, 126, 1065, 118, 1087, 112, 1104, 105, 1117, 102, 1131, 94, 1147, 91, 1161, 82, 1172, 77, 1188, 73, 1208, 64, 1226, 57, 1240, 56, 1255, 51, 1272, 46
674, 859, 661, 905, 636, 958, 597, 1001, 566, 1048, 541, 1087, 513, 1119, 488, 1155, 459, 1184, 439, 1208, 424, 1237, 401, 1263, 378, 1289, 367, 1311, 352, 1346, 333, 1379, 314, 1407, 301, 1431, 291, 1451, 276, 1471, 261, 1485, 252, 1502, 239, 1526, 224, 1554, 216, 1568, 206, 1589, 194, 1613, 176, 1627, 165, 1636, 154, 1648, 146, 1654, 139, 1658, 136, 1665, 128, 1675, 119, 1682, 111, 1688, 106, 1700, 102, 1712, 94, 1724, 85
679, 724, 144, 748, 137, 777, 135, 810, 135, 832, 133, 938, 108, 960, 101, 981, 96, 1005, 91
681, 546, 244, 549, 248
684, 1672, 90, 1670, 87, 1629, 95, 1599, 98, 1576, 101, 1545, 106, 1517, 110, 1492, 115, 1466, 118, 1441, 124, 1410, 130, 1385, 133, 1357, 137, 1332, 143, 1299, 147, 1266, 152, 1236, 160, 1205, 165, 1181, 172, 1150, 179, 1125, 186, 1095, 194, 1067, 199, 1034, 204, 999, 213, 967, 221, 932, 227, 900, 237, 866, 247, 832, 253, 795, 263, 762, 272, 717, 279, 673, 284, 627, 293, 579, 303, 529, 314, 476, 322, 423, 332, 373, 340, 320, 353, 271, 366, 223, 383, 169, 398, 103, 410, 40, 426, 16, 437
690, 500, 252, 490, 258, 478, 261, 461, 279, 443, 288, 419, 293, 390, 299, 357, 314, 325, 319, 285, 335, 262, 344
691, 1691, 49, 1696, 48
692, 56, 356, 63, 354, 133, 327, 178, 311, 219, 301, 252, 289, 557, 216, 592, 211, 626, 203, 661, 194, 702, 183, 746, 163, 785, 152
694, 1843, 197, 1830, 199, 1817, 208, 1808, 219, 1801, 230, 1791, 239, 1784, 246, 1771, 256, 1757, 269, 1742, 279, 1729, 291, 1720, 300, 1702, 310, 1687, 328, 1676, 339, 1669, 354, 1662, 368, 1652, 379, 1627, 399, 1608, 417, 1583, 426, 1564, 447, 1564, 469, 1551, 483, 1548, 562, 1557, 595, 1563, 605, 1577, 626, 1597, 663, 1624, 676, 1625, 674
696, 1398, 662, 1432, 644, 1462, 617, 1489, 585, 1520, 561, 1545, 537, 1573, 511, 1595, 487, 1609, 467, 1611, 453, 1613, 437, 1604, 418, 1594, 399, 1586, 382, 1579, 364, 1578, 352, 1583, 335, 1636, 307, 1646, 296, 1661, 286, 1675, 274, 1685, 263, 1693, 255, 1706, 247, 1722, 255, 1745, 276, 1765, 252, 1788, 230, 1813, 210, 1837, 201, 1854, 190
701, 1795, 471, 1784, 477, 1769, 493, 1760, 501, 1764, 533, 1764, 602, 1759, 627
702, 50, 352, 91, 344, 123, 340, 147, 335, 261, 303, 312, 287, 354, 277, 393, 267, 444, 256, 491, 246, 539, 239, 584, 234, 631, 220, 675, 210
706, 1066, 63, 1069, 62
707, 981, 191, 982, 190
708, 613, 203, 610, 203
709, 226, 312, 228, 296
712, 1848, 293, 1848, 293
713, 76, 431, 81, 435
718, 832, 106, 836, 105
719, 1811, 358, 1799, 366, 1777, 377, 1759, 402, 1735, 420, 1709, 435, 1679, 460, 1653, 477, 1618, 490, 1575, 517, 1543, 537, 1516, 559, 1496, 593, 1464, 615, 1433, 648, 1411, 672, 1388, 679, 1353, 674, 1326, 671
722, 1568, 266, 1569, 265
723, 1075, 76, 1065, 81, 1057, 87, 1050, 92, 1044, 96, 1029, 109, 1023, 111, 1012, 116, 993, 124, 973, 129, 947, 135, 926, 139, 901, 143, 876, 149, 851, 156, 829, 158, 797, 161, 770, 164, 751, 169, 665, 187, 640, 195, 616, 212, 593, 224, 564, 233, 534, 243, 499, 249, 466, 258, 434, 272, 408, 280, 355, 298, 316, 304, 273, 316, 229, 326, 185, 342, 141, 354, 90, 368, 54, 378
724, 1528, 674, 1553, 671, 1585, 666, 1604, 643, 1618, 645, 1649, 658, 1683, 676, 1695, 685, 1701, 681, 1700, 675, 1701, 658, 1712, 629, 1716, 626, 1731, 623
725, 1669, 673, 1684, 675, 1698, 662, 1704, 651, 1717, 648, 1741, 672, 1753, 672
729, 1798, 507, 1800, 499
730, 938, 123, 956, 114, 964, 109, 975, 106, 985, 102
731, 805, 134, 795, 132, 779, 140, 769, 144
733, 1797, 270, 1786, 276, 1778, 279, 1740, 291, 1716, 294, 1689, 303, 1660, 311, 1636, 316, 1608, 324, 1586, 330, 1559, 332, 1536, 341, 1521, 347, 1500, 353, 1475, 354, 1453, 361, 1435, 361, 1423, 367, 1411, 369, 1403, 375, 1401, 379, 1393, 383, 1377, 384, 1366, 393, 1361, 405, 1374, 435, 1358, 487, 1342, 492, 1330, 504, 1301, 514, 1278, 500, 1227, 499, 1190, 504, 1164, 513, 1155, 532, 1135, 541
734, 1851, 275, 1844, 293, 1836, 305, 1817, 317, 1788, 317, 1754, 328, 1724, 332, 1693, 337, 1661, 342, 1627, 347, 1580, 352, 1563, 361, 1544, 368, 1529, 374, 1519, 373, 1514, 376, 1511, 381, 1512, 386, 1511, 393, 1502, 405, 1496, 416, 1483, 418, 1463, 426, 1448, 432, 1114, 532, 1086, 540
735, 1022, 97, 1036, 90, 1045, 85, 1060, 83, 1071, 77, 1080, 71, 1086, 69, 1095, 64
738, 1679, 504, 1682, 490, 1690, 475, 1703, 452, 1719, 445, 1740, 425, 1754, 418, 1780, 413, 1806, 404, 1823, 394, 1830, 384, 1830, 372, 1830, 362, 1825, 351, 1834, 340, 1776, 248, 1760, 234, 1745, 221, 1725, 217, 1710, 210, 1702, 199, 1697, 192
739, 1786, 473, 1803, 446, 1810, 454, 1818, 440, 1827, 430
746, 1804, 321, 1793, 333, 1776, 334, 1767, 339, 1708, 360, 1681, 373, 1660, 376, 1641, 388, 1625, 402, 1615, 416, 1608, 430, 1608, 441, 1604, 458, 1594, 480, 1584, 501, 1573, 521, 1562, 533, 1546, 550, 1531, 575, 1513, 596, 1494, 622, 1467, 645, 1480, 673, 1493, 677, 1468, 673, 1453, 669
752, 1178, 67, 1171, 73, 1162, 81, 1150, 88, 1137, 97, 1119, 102, 1099, 107, 1075, 112, 1048, 119, 1017, 126, 984, 132, 966, 139
753, 1127, 78, 1111, 84, 1098, 89, 1080, 93, 1060, 100, 1039, 105, 1013, 109, 987, 111, 962, 118, 940, 125, 919, 132, 897, 138, 889, 147, 871, 153, 846, 160, 824, 159, 806, 158, 784, 157, 765, 161
761, 1431, 43, 1423, 46, 1410, 50, 1394, 57, 1377, 62, 1360, 68, 1345, 74, 1327, 79, 1310, 85, 1292, 90, 1271, 91, 1251, 92, 1232, 96, 1219, 100, 1207, 104, 1193, 110, 1178, 114, 1162, 119, 1144, 125, 1122, 135, 1103, 145, 1084, 149
768, 1735, 378, 1724, 385, 1716, 392, 1705, 413, 1697, 430, 1691, 443, 1686, 458, 1686, 479, 1682, 497, 1675, 513, 1666, 530, 1653, 555, 1640, 568, 1624, 589, 1603, 619, 1574, 651, 1562, 669
770, 823, 512, 881, 498, 937, 486, 993, 472, 1040, 458, 1078, 449, 1110, 443, 1138, 435, 1158, 430, 1178, 423, 1185, 419, 1184, 416, 1185, 421, 1208, 416, 1200, 406, 1195, 415, 1194, 418
773, 753, 180, 752, 179, 745, 181, 739, 179, 737, 178
781, 246, 364, 291, 350, 338, 335, 385, 317, 425, 303, 462, 289, 496, 273, 530, 262, 562, 248, 589, 240, 618, 234, 649, 214, 685, 193, 709, 179, 741, 166
782, 266, 537, 315, 509, 384, 494, 442, 476, 487, 451, 534, 430, 573, 416, 611, 400, 646, 386, 671, 362, 700, 354, 734, 340, 758, 323, 781, 305, 808, 289
784, 146, 271, 146, 271, 148, 272, 147, 271, 148, 271
785, 921, 139, 916, 140
788, 1081, 48, 1074, 55, 1064, 60, 1052, 65, 1045, 69
791, 1206, 456, 1200, 456
795, 1792, 241, 1775, 232, 1760, 221, 1757, 209
797, 702, 183, 704, 187
798, 350, 668, 391, 659, 433, 623
800, 663, 190, 664, 189
802, 989, 88, 974, 96, 965, 100
805, 646, 197, 648, 199
807, 610, 216
810, 957, 487